-4.9098	-0.20999	3.2025	-0.50081	-1.5481
-5.2753	-0.092851	1.4016	-1.2515	-2.4267
-4.4127	-0.60012	0.72124	-0.53927	0.026707
-3.9328	-1.1964	0.79286	-1.0668	-1.4379
-4.725	-0.50746	2.5002	-0.78722	-0.88454
-3.473	-0.31753	-0.17385	-0.095012	-0.15216
-3.7273	-0.43468	0.77005	-0.38913	-0.42735
-4.3207	-0.28157	2.4738	-0.49719	-1.2281
-4.6131	-0.28654	2.3506	-0.44678	-1.1477
-5.2065	-0.13343	4.0543	-0.55484	-1.9484
-4.024	-0.35813	1.6219	-0.44316	-0.82773
-3.723	-0.5162	-0.20497	-0.28469	0.053463
-4.1784	-0.38533	1.6794	-0.54351	-0.68978
-4.6174	-0.20502	3.3256	-0.55122	-1.6285
-3.7273	-0.43468	0.77005	-0.38913	-0.42735
-3.9244	-0.82722	0.19005	-0.78661	0.63986
-3.7741	-0.15945	1.653	-0.25348	-1.0334
-4.0197	-0.43965	0.64689	-0.33872	-0.34692
-4.3508	-0.3428	0.17236	-0.7411	-0.98645
-4.4171	-0.5186	1.6963	-0.64371	-0.4541
-3.7273	-0.43468	0.77005	-0.38913	-0.42735
-6.5302	-0.1805	3.6193	-0.45357	-1.4888
-3.5551	-0.70292	-0.1069	-0.49192	-0.2595
-3.4306	-0.51124	-0.081812	-0.33509	-0.026967
-5.2753	-0.092851	1.4016	-1.2515	-2.4267
-3.4306	-0.51124	-0.081812	-0.33509	-0.026967
-4.6131	-0.28654	2.3506	-0.44678	-1.1477
-4.0774	-0.99297	-0.33489	0.46182	-0.15456
-5.4036	-0.52597	3.4743	-0.95233	-0.88124
-7.1726	-1.6887	-1.1005	-0.7201	0.96203
-4.6098	-0.99266	0.14124	-0.93676	1.0939
-5.7571	-0.55994	2.9039	-1.5336	-1.5809
-3.9773	-0.63336	0.73893	-0.5788	-0.22172
-5.7364	-0.64719	0.28616	-0.438	0.48637
-4.6518	-0.18473	1.9992	-0.89956	-1.8676
-5.3141	-0.43587	3.2289	-0.79084	-1.2045
-4.6131	-0.28654	2.3506	-0.44678	-1.1477
-4.3084	-0.53651	0.2644	-0.98118	-0.86126
-3.723	-0.5162	-0.20497	-0.28469	0.053463
-4.0628	-0.25632	1.2705	-0.89594	-1.5477
-4.6131	-0.28654	2.3506	-0.44678	-1.1477
-3.4306	-0.51124	-0.081812	-0.33509	-0.026967
-4.0197	-0.43965	0.64689	-0.33872	-0.34692
-3.723	-0.5162	-0.20497	-0.28469	0.053463
-3.7661	-0.33287	0.41867	-0.84191	-1.1473
-4.9098	-0.20999	3.2025	-0.50081	-1.5481
-5.0061	-0.44701	2.425	-0.64734	-0.77406
-4.1396	-1.4648	-0.34166	1.1579	-0.44301
-4.4471	-0.57983	-0.60515	-0.88762	-0.21244
-3.4306	-0.51124	-0.081812	-0.33509	-0.026967
-4.3164	-0.36309	1.4988	-0.39275	-0.7473
-5.1379	-2.0957	-0.20762	-1.9029	1.5376
-5.4036	-0.52597	3.4743	-0.95233	-0.88124
-4.0197	-0.43965	0.64689	-0.33872	-0.34692
-4.3785	-0.8349	1.492	0.30335	-1.0358
-4.274	-0.5568	1.5908	-0.63283	-0.62211
-4.3207	-0.28157	2.4738	-0.49719	-1.2281
-3.7317	-0.35316	1.7451	-0.49356	-0.90816
-4.7138	-0.44205	2.5481	-0.69774	-0.85449
-3.7317	-0.35316	1.7451	-0.49356	-0.90816
-3.435	-0.42972	0.8932	-0.43953	-0.50778
-3.7273	-0.43468	0.77005	-0.38913	-0.42735
-9.5443	-4.7088	-0.79282	2.9908	-2.0879
-3.473	-0.31753	-0.17385	-0.095012	-0.15216
-3.1383	-0.50627	0.041343	-0.3855	-0.1074
-4.228	-0.89759	0.018957	-0.82568	0.69023
-4.0197	-0.43965	0.64689	-0.33872	-0.34692
-4.9676	-0.76331	2.2207	0.29972	-1.3557
-4.3164	-0.36309	1.4988	-0.39275	-0.7473
-4.3164	-0.36309	1.4988	-0.39275	-0.7473
-3.2194	-0.21075	-0.40207	-0.5982	-0.95255
-3.7317	-0.35316	1.7451	-0.49356	-0.90816
-3.723	-0.5162	-0.20497	-0.28469	0.053463
-3.4306	-0.51124	-0.081812	-0.33509	-0.026967
-4.0197	-0.43965	0.64689	-0.33872	-0.34692
-4.6131	-0.28654	2.3506	-0.44678	-1.1477
-3.473	-0.31753	-0.17385	-0.095012	-0.15216
-3.1383	-0.50627	0.041343	-0.3855	-0.1074
-5.2065	-0.13343	4.0543	-0.55484	-1.9484
-3.7697	-0.24097	0.67801	-0.14904	-0.55254
-4.9134	-1.063	-0.029847	-0.97582	1.1443
-4.6174	-0.20502	3.3256	-0.55122	-1.6285
-3.723	-0.5162	-0.20497	-0.28469	0.053463
-4.3164	-0.36309	1.4988	-0.39275	-0.7473
-4.6131	-0.28654	2.3506	-0.44678	-1.1477
-5.9031	0.080546	1.7789	-1.7079	-3.4667
-3.1383	-0.50627	0.041343	-0.3855	-0.1074
-4.024	-0.35813	1.6219	-0.44316	-0.82773
-3.723	-0.5162	-0.20497	-0.28469	0.053463
-4.9098	-0.20999	3.2025	-0.50081	-1.5481
-3.723	-0.5162	-0.20497	-0.28469	0.053463
-3.473	-0.31753	-0.17385	-0.095012	-0.15216
-3.473	-0.31753	-0.17385	-0.095012	-0.15216
-4.6598	-0.01131	3.2336	-0.31114	-1.7537
-3.723	-0.5162	-0.20497	-0.28469	0.053463
-3.4306	-0.51124	-0.081812	-0.33509	-0.026967
-3.723	-0.5162	-0.20497	-0.28469	0.053463
-5.9926	-0.45438	4.203	-0.95595	-1.2012
-4.0541	-0.41936	-0.6795	-0.68706	-0.58607
-3.4306	-0.51124	-0.081812	-0.33509	-0.026967
-3.473	-0.31753	-0.17385	-0.095012	-0.15216
-10.892	-2.4238	4.8459	-1.9868	-1.2594
-7.5403	-3.5579	0.94519	2.3695	-0.521
-4.7286	0.02927	0.58081	-1.0078	-2.232
-4.0197	-0.43965	0.64689	-0.33872	-0.34692
-3.723	-0.5162	-0.20497	-0.28469	0.053463
-6.3855	-2.6704	1.701	3.2857	-2.1878
-3.9356	-0.89263	0.14211	-0.87608	0.6098
-3.7317	-0.35316	1.7451	-0.49356	-0.90816
-4.024	-0.35813	1.6219	-0.44316	-0.82773
-4.3164	-0.36309	1.4988	-0.39275	-0.7473
-6.4435	-1.1682	3.2956	-0.35597	-0.63521
-3.723	-0.5162	-0.20497	-0.28469	0.053463
-4.9098	-0.20999	3.2025	-0.50081	-1.5481
-4.6708	-0.83986	1.3688	0.35375	-0.95532
-4.024	-0.35813	1.6219	-0.44316	-0.82773
-3.4306	-0.51124	-0.081812	-0.33509	-0.026967
-3.723	-0.5162	-0.20497	-0.28469	0.053463
-4.3164	-0.36309	1.4988	-0.39275	-0.7473
-4.3508	-0.3428	0.17236	-0.7411	-0.98645
-4.274	-0.5568	1.5908	-0.63283	-0.62211
-3.1383	-0.50627	0.041343	-0.3855	-0.1074
-3.723	-0.5162	-0.20497	-0.28469	0.053463
-6.3694	-0.7923	5.9374	-1.6228	-1.9496
-3.723	-0.5162	-0.20497	-0.28469	0.053463
-3.723	-0.5162	-0.20497	-0.28469	0.053463
-3.723	-0.5162	-0.20497	-0.28469	0.053463
-3.723	-0.5162	-0.20497	-0.28469	0.053463
-3.9773	-0.63336	0.73893	-0.5788	-0.22172
-3.1383	-0.50627	0.041343	-0.3855	-0.1074
-3.1383	-0.50627	0.041343	-0.3855	-0.1074
-3.1807	-0.31256	-0.050692	-0.14542	-0.23259
-4.4728	-1.1122	-0.29833	-0.85372	0.67034
-4.3164	-0.36309	1.4988	-0.39275	-0.7473
-3.723	-0.5162	-0.20497	-0.28469	0.053463
-5.5303	-1.698	1.4628	0.55927	-0.52657
-3.4306	-0.51124	-0.081812	-0.33509	-0.026967
-5.0343	-0.40167	3.1774	-0.65764	-1.7806
-6.1004	-0.9713	2.8219	-0.69767	-1.7588
-3.1383	-0.50627	0.041343	-0.3855	-0.1074
-3.723	-0.5162	-0.20497	-0.28469	0.053463
-3.1807	-0.31256	-0.050692	-0.14542	-0.23259
-3.723	-0.5162	-0.20497	-0.28469	0.053463
-3.435	-0.42972	0.8932	-0.43953	-0.50778
-3.1383	-0.50627	0.041343	-0.3855	-0.1074
-3.1383	-0.50627	0.041343	-0.3855	-0.1074
-6.4125	-1.6418	2.7841	-0.19125	-1.8417
-3.5973	-1.2611	-0.18739	1.2972	-0.72906
-4.9873	-0.0063685	2.4997	-1.4064	-2.988
-4.0197	-0.43965	0.64689	-0.33872	-0.34692
-3.4306	-0.51124	-0.081812	-0.33509	-0.026967
-4.9252	-0.95702	2.3127	0.059639	-1.2305
-4.0197	-0.43965	0.64689	-0.33872	-0.34692
-3.7273	-0.43468	0.77005	-0.38913	-0.42735
-3.9244	-0.82722	0.19005	-0.78661	0.63986
-3.9668	-0.63351	0.098011	-0.54652	0.51466
-5.7723	-1.0925	2.5698	-1.4675	0.038283
-3.9244	-0.82722	0.19005	-0.78661	0.63986
-4.7138	-0.44205	2.5481	-0.69774	-0.85449
-4.9486	-0.10818	2.8511	-0.95359	-2.268
-4.4171	-0.5186	1.6963	-0.64371	-0.4541
-3.1383	-0.50627	0.041343	-0.3855	-0.1074
-3.4306	-0.51124	-0.081812	-0.33509	-0.026967
-3.1807	-0.31256	-0.050692	-0.14542	-0.23259
-5.6218	-0.74304	0.037273	-1.0935	-2.7487
-7.3974	-1.5405	3.4161	-2.0619	0.67121
-3.1383	-0.50627	0.041343	-0.3855	-0.1074
-5.7993	-1.1294	0.99507	-0.5392	-0.87766
-3.435	-0.42972	0.8932	-0.43953	-0.50778
-3.435	-0.42972	0.8932	-0.43953	-0.50778
-6.1178	-1.9274	1.1865	-1.4334	-0.95438
-7.0855	-1.0845	2.8984	-2.074	-0.54758
-4.0818	-0.91145	0.64012	0.35738	-0.63537
-3.7617	-0.41439	-0.55634	-0.73747	-0.6665
-4.024	-0.35813	1.6219	-0.44316	-0.82773
-2.8883	-0.3076	0.072464	-0.19582	-0.31302
-4.621	-1.0581	0.093309	-1.0262	1.0639
-4.024	-0.35813	1.6219	-0.44316	-0.82773
-4.3164	-0.36309	1.4988	-0.39275	-0.7473
-4.0284	-0.27661	2.5969	-0.54759	-1.3085
-4.7828	-1.0608	1.5184	0.01332	-0.69218
-4.3287	-1.0531	0.21646	-1.0766	0.98343
-3.7317	-0.35316	1.7451	-0.49356	-0.90816
-6.2121	-0.97773	3.5272	-1.5324	-0.1941
-4.5592	-1.0152	-1.0112	-0.73377	-1.2509
-3.4306	-0.51124	-0.081812	-0.33509	-0.026967
-5.1181	-0.66793	2.5745	-0.98777	-0.51091
-3.4306	-0.51124	-0.081812	-0.33509	-0.026967
-4.4171	-0.5186	1.6963	-0.64371	-0.4541
-3.4306	-0.51124	-0.081812	-0.33509	-0.026967
-5.3029	-0.37046	3.2768	-0.70137	-1.1744
-3.4306	-0.51124	-0.081812	-0.33509	-0.026967
-4.9934	-1.4775	0.85268	-1.5886	0.79624
-6.9167	-2.0128	2.2923	0.065063	-0.12933
-5.4036	-0.52597	3.4743	-0.95233	-0.88124
-3.7317	-0.35316	1.7451	-0.49356	-0.90816
-7.099	-1.4542	3.8734	-2.1844	0.84635
-3.4306	-0.51124	-0.081812	-0.33509	-0.026967
-3.7273	-0.43468	0.77005	-0.38913	-0.42735
-4.5936	-1.4398	-0.1589	-0.16865	0.45216
-6.4264	-0.89042	2.0612	-0.93841	-2.6239
-4.9719	-0.68179	3.1957	0.19529	-1.8365
-5.1912	-0.54583	0.89677	-1.7889	-1.47
-4.0284	-0.27661	2.5969	-0.54759	-1.3085
-5.4767	-0.40387	1.7966	-1.7535	-1.8404
-4.3251	-0.20006	3.4488	-0.60162	-1.7089
-6.5229	0.080523	0.92186	-2.7528	-4.6205
-3.435	-0.42972	0.8932	-0.43953	-0.50778
-3.1383	-0.50627	0.041343	-0.3855	-0.1074
-4.3251	-0.20006	3.4488	-0.60162	-1.7089
-2.8883	-0.3076	0.072464	-0.19582	-0.31302
-4.733	0.11079	1.5558	-1.1123	-2.7128
-4.3251	-0.20006	3.4488	-0.60162	-1.7089
-4.3939	-0.15948	0.796	-1.2983	-2.1872
-4.4935	-1.0802	0.91492	-1.2093	0.38499
-4.7182	-0.36053	3.5231	-0.80218	-1.3353
-5.1112	-0.52101	3.5975	-1.0027	-0.96167
-4.9873	-0.0063685	2.4997	-1.4064	-2.988
-5.284	0.070185	3.3516	-1.4604	-3.3884
-4.3829	-0.75338	2.467	0.19891	-1.5166
-4.0284	-0.27661	2.5969	-0.54759	-1.3085
-4.0284	-0.27661	2.5969	-0.54759	-1.3085
-3.8237	-0.67171	-0.0074611	-0.53565	0.34666
-3.7741	-0.15945	1.653	-0.25348	-1.0334
-5.284	0.070185	3.3516	-1.4604	-3.3884
-4.3719	0.075173	4.3318	-0.46598	-2.3149
-4.0284	-0.27661	2.5969	-0.54759	-1.3085
-4.3251	-0.20006	3.4488	-0.60162	-1.7089
-3.7317	-0.35316	1.7451	-0.49356	-0.90816
-4.4215	-0.43708	2.6713	-0.74815	-0.93492
-4.0284	-0.27661	2.5969	-0.54759	-1.3085
-4.7294	-0.42594	3.4752	-0.89165	-1.3654
-4.0752	-0.001381	3.4799	-0.41195	-1.9146
-6.52	-0.52176	2.1524	-2.5894	-2.5668
-4.7182	-0.36053	3.5231	-0.80218	-1.3353
-3.7741	-0.15945	1.653	-0.25348	-1.0334
-3.1383	-0.50627	0.041343	-0.3855	-0.1074
-4.0708	-0.082899	2.5049	-0.30751	-1.4337
-3.7741	-0.15945	1.653	-0.25348	-1.0334
-2.8883	-0.3076	0.072464	-0.19582	-0.31302
-4.4327	-0.50249	2.6233	-0.83762	-0.96497
-4.3207	-0.28157	2.4738	-0.49719	-1.2281
-4.3207	-0.28157	2.4738	-0.49719	-1.2281
-5.2065	-0.13343	4.0543	-0.55484	-1.9484
-4.3207	-0.28157	2.4738	-0.49719	-1.2281
-4.6518	-0.18473	1.9992	-0.89956	-1.8676
-4.6131	-0.28654	2.3506	-0.44678	-1.1477
-3.1383	-0.50627	0.041343	-0.3855	-0.1074
-4.5403	-0.80493	1.7979	-1.0736	-0.22102
-4.3251	-0.20006	3.4488	-0.60162	-1.7089
-3.435	-0.42972	0.8932	-0.43953	-0.50778
-3.1383	-0.50627	0.041343	-0.3855	-0.1074
-4.6174	-0.20502	3.3256	-0.55122	-1.6285
-4.3251	-0.20006	3.4488	-0.60162	-1.7089
-3.7741	-0.15945	1.653	-0.25348	-1.0334
-2.8883	-0.3076	0.072464	-0.19582	-0.31302
-3.1807	-0.31256	-0.050692	-0.14542	-0.23259
-4.4559	-0.41679	1.3449	-1.0965	-1.1741
-3.3882	-0.70495	0.010223	-0.57518	0.098229
-4.2784	-0.47528	2.5658	-0.73727	-1.1029
-4.024	-0.35813	1.6219	-0.44316	-0.82773
-4.0628	-0.25632	1.2705	-0.89594	-1.5477
-4.0284	-0.27661	2.5969	-0.54759	-1.3085
-4.6131	-0.28654	2.3506	-0.44678	-1.1477
-5.7391	-0.34761	3.9748	-1.4591	-2.0016
-4.0708	-0.082899	2.5049	-0.30751	-1.4337
-5.1181	-0.66793	2.5745	-0.98777	-0.51091
-3.473	-0.31753	-0.17385	-0.095012	-0.15216
-4.024	-0.35813	1.6219	-0.44316	-0.82773
-3.7273	-0.43468	0.77005	-0.38913	-0.42735
-4.8402	-0.74031	-0.5308	-1.0882	0.16118
-4.9098	-0.20999	3.2025	-0.50081	-1.5481
-5.3029	-0.37046	3.2768	-0.70137	-1.1744
-4.3207	-0.28157	2.4738	-0.49719	-1.2281
-4.9142	-0.12847	4.1775	-0.60525	-2.0289
-3.7317	-0.35316	1.7451	-0.49356	-0.90816
-5.1337	-0.65182	3.5016	-1.1817	-1.0218
-4.3207	-0.28157	2.4738	-0.49719	-1.2281
-4.8446	-0.65879	0.44422	-1.1926	-0.31963
-4.6174	-0.20502	3.3256	-0.55122	-1.6285
-3.185	-0.23104	0.92432	-0.24985	-0.7134
-3.4817	-0.15449	1.7762	-0.30388	-1.1138
-4.024	-0.35813	1.6219	-0.44316	-0.82773
-3.723	-0.5162	-0.20497	-0.28469	0.053463
-6.0916	-1.1343	0.87191	-0.4888	-0.79723
-3.7317	-0.35316	1.7451	-0.49356	-0.90816
-8.1953	-4.0807	1.3708	4.2491	-1.8362
-5.4959	-0.29586	2.983	-1.2545	-1.7565
-4.9873	-0.0063685	2.4997	-1.4064	-2.988
-3.7273	-0.43468	0.77005	-0.38913	-0.42735
-4.6174	-0.20502	3.3256	-0.55122	-1.6285
-4.9098	-0.20999	3.2025	-0.50081	-1.5481
-4.9098	-0.20999	3.2025	-0.50081	-1.5481
-3.723	-0.5162	-0.20497	-0.28469	0.053463
-4.024	-0.35813	1.6219	-0.44316	-0.82773
-4.9676	-0.76331	2.2207	0.29972	-1.3557
-4.7094	-0.52357	1.5731	-0.5933	-0.37368
-4.024	-0.35813	1.6219	-0.44316	-0.82773
-3.4306	-0.51124	-0.081812	-0.33509	-0.026967
-5.3029	-0.37046	3.2768	-0.70137	-1.1744
-4.6174	-0.20502	3.3256	-0.55122	-1.6285
-3.4306	-0.51124	-0.081812	-0.33509	-0.026967
-3.4306	-0.51124	-0.081812	-0.33509	-0.026967
-3.723	-0.5162	-0.20497	-0.28469	0.053463
-5.0105	-0.3655	3.4	-0.75177	-1.2549
-3.7317	-0.35316	1.7451	-0.49356	-0.90816
-6.2306	0.085488	1.045	-2.8032	-4.701
-3.1383	-0.50627	0.041343	-0.3855	-0.1074
-4.9719	-0.68179	3.1957	0.19529	-1.8365
-4.3251	-0.20006	3.4488	-0.60162	-1.7089
-4.7182	-0.36053	3.5231	-0.80218	-1.3353
-4.6174	-0.20502	3.3256	-0.55122	-1.6285
-4.7138	-0.44205	2.5481	-0.69774	-0.85449
-5.6959	-0.53094	3.3512	-0.90192	-0.80081
-4.024	-0.35813	1.6219	-0.44316	-0.82773
-5.6586	-0.70869	3.7294	-1.3036	-0.4501
-4.024	-0.35813	1.6219	-0.44316	-0.82773
-3.1807	-0.31256	-0.050692	-0.14542	-0.23259
-4.3207	-0.28157	2.4738	-0.49719	-1.2281
-4.3595	-0.17977	2.1224	-0.94997	-1.9481
-3.1383	-0.50627	0.041343	-0.3855	-0.1074
-4.3251	-0.20006	3.4488	-0.60162	-1.7089
-4.5359	-0.88644	0.82288	-0.96918	0.2598
-3.4774	-0.23601	0.80117	-0.19945	-0.63297
-5.1069	-0.60252	2.6225	-0.8983	-0.48086
-4.024	-0.35813	1.6219	-0.44316	-0.82773
-4.3207	-0.28157	2.4738	-0.49719	-1.2281
-4.6174	-0.20502	3.3256	-0.55122	-1.6285
-4.024	-0.35813	1.6219	-0.44316	-0.82773
-6.2661	-0.0187	4.1546	-1.6646	-3.3347
-3.1383	-0.50627	0.041343	-0.3855	-0.1074
-4.6986	0.090498	2.8822	-0.76392	-2.4737
-3.435	-0.42972	0.8932	-0.43953	-0.50778
-4.0284	-0.27661	2.5969	-0.54759	-1.3085
-5.8122	-0.67033	4.4758	-1.3468	-1.0185
-4.6174	-0.20502	3.3256	-0.55122	-1.6285
-3.1383	-0.50627	0.041343	-0.3855	-0.1074
-3.7317	-0.35316	1.7451	-0.49356	-0.90816
-4.9109	-0.83459	1.9681	-1.0952	0.21272
-4.0284	-0.27661	2.5969	-0.54759	-1.3085
-4.9873	-0.0063685	2.4997	-1.4064	-2.988
-4.6906	-0.082922	1.6479	-1.3523	-2.5876
-4.024	-0.35813	1.6219	-0.44316	-0.82773
-4.024	-0.35813	1.6219	-0.44316	-0.82773
-3.1383	-0.50627	0.041343	-0.3855	-0.1074
-3.435	-0.42972	0.8932	-0.43953	-0.50778
-4.024	-0.35813	1.6219	-0.44316	-0.82773
-3.9356	-0.89263	0.14211	-0.87608	0.6098
-3.8005	-0.31258	-0.90772	-1.1903	-1.3865
-4.024	-0.35813	1.6219	-0.44316	-0.82773
-4.4971	-0.54343	-1.0045	-1.4299	-0.96246
-4.9719	-0.68179	3.1957	0.19529	-1.8365
-4.3207	-0.28157	2.4738	-0.49719	-1.2281
-4.3164	-0.36309	1.4988	-0.39275	-0.7473
-4.024	-0.35813	1.6219	-0.44316	-0.82773
-4.6174	-0.20502	3.3256	-0.55122	-1.6285
-10.967	-5.1054	2.7428	0.42134	1.1708
-3.1383	-0.50627	0.041343	-0.3855	-0.1074
-3.4306	-0.51124	-0.081812	-0.33509	-0.026967
-4.6131	-0.28654	2.3506	-0.44678	-1.1477
-4.2167	-0.83219	0.06689	-0.7362	0.72029
-4.2167	-0.83219	0.06689	-0.7362	0.72029
-4.6862	-0.16444	0.67285	-1.2479	-2.1068
-3.1383	-0.50627	0.041343	-0.3855	-0.1074
-5.578	-0.68125	3.0499	-1.6514	-1.8638
-4.3164	-0.36309	1.4988	-0.39275	-0.7473
-5.0518	-0.49213	1.0506	-1.0852	-1.0433
-4.0197	-0.43965	0.64689	-0.33872	-0.34692
-5.7767	-1.011	3.5449	-1.5719	-0.44253
-3.4306	-0.51124	-0.081812	-0.33509	-0.026967
-5.2076	-0.75803	2.82	-1.1493	-0.18766
-3.8237	-0.67171	-0.0074611	-0.53565	0.34666
-4.3251	-0.20006	3.4488	-0.60162	-1.7089
-3.1383	-0.50627	0.041343	-0.3855	-0.1074
-3.435	-0.42972	0.8932	-0.43953	-0.50778
-5.2643	-0.68676	3.0725	0.24569	-1.7561
-3.1383	-0.50627	0.041343	-0.3855	-0.1074
-3.1383	-0.50627	0.041343	-0.3855	-0.1074
-3.1383	-0.50627	0.041343	-0.3855	-0.1074
-3.1383	-0.50627	0.041343	-0.3855	-0.1074
-4.733	-1.3117	1.3621	1.0499	-1.2438
-4.0284	-0.27661	2.5969	-0.54759	-1.3085
-4.0095	-1.848	-0.13426	-1.4833	-1.7351
-3.8005	-0.31258	-0.90772	-1.1903	-1.3865
-3.7317	-0.35316	1.7451	-0.49356	-0.90816
-4.1485	-0.54981	1.5968	-0.59998	-1.0603
-3.435	-0.42972	0.8932	-0.43953	-0.50778
-4.7583	0.41436	1.4024	-0.091993	-0.58311
-3.8726	0.26622	-0.17816	-0.034337	0.13723
-5.2048	-0.38096	-0.48005	0.61242	0.46369
-5.9277	0.3945	0.90978	0.10963	-0.26139
-6.7227	-1.2488	-1.2543	0.47063	-0.22245
-8.191	-0.45235	5.7333	-0.59681	-1.3586
-5.1626	0.18848	1.4288	-0.38202	-0.23954
-5.4593	0.26504	2.2807	-0.43605	-0.63992
-6.0607	-0.38607	2.8463	1.293	-1.7999
-4.1225	0.067545	-0.20928	-0.22401	0.34285
-5.4095	0.014145	2.1243	0.60048	-1.1915
-7.2167	-0.50837	2.1691	0.036691	-2.4122
-5.6828	0.66431	2.6316	-0.60243	-2.0234
-5.6638	-0.10301	3.0682	0.30637	-1.4667
-5.9943	-0.17758	0.2032	-1.2209	0.23851
-6.9591	-0.3905	2.5774	-0.50333	-1.7468
-3.5802	0.27118	-0.055005	-0.084743	0.056796
-5.0594	0.57243	3.2293	-0.25046	-1.4643
-9.0323	-0.14857	2.8099	-2.0785	-1.182
-7.0084	-0.017738	1.6778	-1.8929	-0.87854
-4.4236	0.22562	1.6176	-0.38248	-0.53834
-4.6068	1.0387	-0.39767	0.31683	0.38185
-5.2003	1.1918	1.3061	0.20876	-0.41892
-6.4019	0.57958	1.4332	-0.57185	0.64185
-4.5221	0.65129	-0.21359	-0.16334	0.63224
-4.9123	1.2783	2.4042	0.053923	-0.98016
-4.8501	0.19407	-0.74528	-0.93763	-2.0194
-11.962	-3.3162	-0.19473	0.56625	0.8957
-6.2052	0.41308	1.4677	-0.71158	0.6291
-7.9278	0.21111	2.1089	-1.7698	0.61233
-9.7253	-1.042	-1.4902	0.21262	-3.1823
-6.6598	0.99915	0.45777	-1.0866	-0.98078
-4.6844	1.2423	-1.1004	-0.58874	-1.0581
-4.4344	1.441	-1.0693	-0.39906	-1.2637
-5.2046	1.2733	2.2811	0.10433	-0.89973
-14.491	-3.5649	3.66	1.2027	2.522
-5.0575	1.9792	1.456	0.40871	-0.41559
-7.4416	2.0365	1.8369	-1.3971	-2.4177
-4.4641	1.8261	-0.2477	0.51677	0.38518
-6.0936	1.4596	1.5736	-0.18207	0.53729
-5.6386	1.8774	0.95037	-0.18334	-0.84949
-4.906	2.6036	-0.34405	0.81753	0.54937
-4.906	2.6036	-0.34405	0.81753	0.54937
-6.0754	2.5837	-0.83667	1.0192	0.87109
-12.247	-1.1026	1.179	2.8658	-1.1188
-6.6688	2.7368	0.86705	0.91109	0.070324
-12.644	0.18664	-0.033018	-0.9867	0.47026
-5.4995	2.7567	1.3597	0.70947	-0.25139
-10.258	3.2186	-1.3184	-3.5495	-5.9426
-7.8189	1.7984	2.2169	-0.52162	0.60047
-5.2027	2.6801	0.50781	0.7635	0.14899
-16.443	-0.033576	2.0947	2.9514	-3.1263
-14.601	0.88773	2.6495	0.33148	3.8973
-16.614	1.8485	1.7928	-3.3547	2.1224
-14.208	4.5453	0.454	-1.0771	0.34323
-7.7004	6.4809	-1.0721	2.4221	1.5312
-11.676	-2.9996	3.4261	-2.9041	-0.88169
-21.184	-7.2602	3.2673	-2.5375	-2.0114
-12.159	-3.0865	1.0104	-6.2825	0.11164
-20.714	-8.5217	4.9733	-0.56083	0.74994
-10.155	-3.2989	5.2028	-0.25378	-1.8287
-23.363	-8.7262	2.1481	-5.9452	-3.8877
-17.861	-4.5009	3.6948	-10.398	-4.8084
-18.272	-9.3698	1.5078	-0.35316	2.685
-15.398	-4.216	1.0738	-4.8675	-4.8533
-11.147	-2.2001	-2.8229	-4.5619	-4.1507
-16.758	-7.4316	7.4579	-0.76979	2.1907
-14.874	-3.4875	0.28639	-6.0969	2.976
-15.558	-5.7252	-1.5156	1.4009	-4.1847
-21.443	-7.8475	2.5867	-1.5918	-3.4389
-14.123	-7.5356	1.7474	3.0052	0.44123
-10.644	-0.58482	6.1958	-2.6801	-0.59528
-11.222	-4.6994	3.1011	3.9672	-1.0235
-10.813	-2.7702	6.8791	-1.5985	-4.2042
-18.768	-7.5433	-0.92845	-3.3832	-4.3774
-18.3	-7.1091	3.8286	0.080009	-2.19
-16.025	-6.2829	4.3883	2.5314	0.1522
-16.886	-4.9038	5.7394	-0.49721	-0.18966
-19.137	-4.5661	-1.4866	-5.5677	-0.49793
-23.864	-9.6784	-2.7639	-4.0941	-2.4418
-9.4063	-0.66938	1.7493	0.60471	-1.608
-11.946	-1.5832	6.5517	1.3501	-2.0613
-11.555	-1.1375	7.0662	-3.3571	0.15791
-13.231	-3.8559	0.13829	3.6882	-3.1823
-10.043	0.2132	5.1234	-1.3096	-0.18579
-10.719	-0.97016	3.2542	-2.7803	-3.5286
-17.323	-2.8551	0.071832	-6.7879	-2.982
-18.047	-4.8964	1.3091	-0.62502	-1.9117
-8.5962	-0.96337	2.8702	0.10922	-0.46076
-20.55	-5.9266	1.8165	0.60478	-0.71114
-12.694	-1.1764	-3.0305	-3.4146	-3.7544
-16.503	-1.0783	3.0787	-7.4768	-2.0142
-15.807	-4.8685	3.0143	2.64	-2.2516
-19.658	-7.4394	1.0018	0.74607	3.2816
-9.887	0.20989	1.3016	0.45268	-2.1638
-11.773	-0.16449	7.3167	-1.6773	-0.68612
-18.442	-8.3234	1.7557	0.62854	1.6653
-20.292	-5.5179	-0.3327	0.17464	-0.83922
-18.341	-4.5284	5.8015	-0.26154	-0.94461
-9.3714	0.41596	4.5756	0.70504	-0.60222
-18.06	-4.0907	2.5951	2.4956	-1.5606
-16.072	-4.9906	4.0871	2.7855	-0.10644
-18.23	-6.0004	3.5257	1.3394	0.027896
-20.93	-3.6118	4.3848	-4.1958	1.0035
-21.3	-5.333	3.2207	-0.15924	-2.7237
-8.2762	1.3831	3.7382	-0.57245	-0.10905
-15.796	-2.6645	-0.34818	0.11108	1.428
-17.589	-1.8674	5.6126	-2.3268	0.59726
-15.123	-2.561	5.6777	4.8693	-2.7961
-15.082	-1.2367	5.9193	0.52757	-1.2151
-15.856	-3.8831	5.9832	4.0941	-1.1713
-9.8941	0.1254	-1.2827	1.4111	-0.71323
-13.797	0.21194	4.7086	-1.8329	-1.9321
-21.358	-4.1025	3.6146	0.99727	-1.4421
-18.274	-2.7409	6.2846	-2.5497	2.1049
-19.381	-3.8566	1.6704	1.0753	-2.5798
-6.5008	3.2206	1.1704	0.090771	-2.056
-18.817	-2.6531	2.9774	-0.50306	0.36624
-12.035	-2.0428	2.3398	6.6871	-1.8445
-26.377	-7.0398	0.35452	-3.408	-3.5508
-22.494	-4.9619	0.67006	-4.1099	-3.1362
-14.068	1.0815	5.2459	-0.94241	-2.1753
-17.149	-2.2144	0.51782	0.63957	-3.3327
-21.286	-0.78505	2.3174	-6.1163	-1.972
-21.281	-4.8063	-1.353	-0.17852	0.15318
-17.034	-2.0226	1.2507	-3.412	2.873
-16.896	-1.3563	-0.54162	-2.0743	2.3215
-18.271	-3.5831	5.1127	2.208	3.068
-19.467	-5.4566	4.9896	0.32269	-0.45367
-8.9402	3.492	7.302	-0.015396	-2.4052
-16.929	-2.2009	-1.0034	0.41321	0.3378
-18.256	-1.6197	4.5513	4.428	-1.7031
-11.518	1.8146	0.72628	3.138	-2.4308
-13.324	0.47265	-1.7627	1.5288	1.7928
-19.128	-2.1507	-1.7747	2.6595	-1.5319
-15.911	0.6555	2.2565	1.6596	-0.52256
-15.513	0.67084	6.0198	-1.929	-2.066
-14.336	1.5453	5.2093	0.92687	-3.3933
-17.222	-0.9883	3.3915	2.5499	1.5303
-18.135	0.65179	-1.5426	-3.9382	-1.8512
-17.001	3.3419	4.1384	-3.5763	-1.174
-19.075	-0.48173	6.3336	-3.0513	5.6835
-13.283	2.0842	-0.78098	0.64349	1.112
-20.786	0.71723	5.8805	-5.151	4.8222
-11.818	3.0567	0.47881	-1.0704	3.1907
-17.95	-1.5235	-4.3812	3.5959	1.0612
-20.687	-0.87555	-3.3364	1.8032	-3.4014
-24.34	-2.2898	2.5861	0.26393	-1.1505
-21.397	-0.29432	1.1857	-1.0871	-0.88421
-15.324	2.2242	2.8466	0.78026	0.66715
-20.235	-1.6733	0.30806	2.016	0.61749
-19.075	-0.48173	6.3336	-3.0513	5.6835
-21.103	-1.1911	-1.0904	0.96567	-1.0686
-14.266	4.0564	6.4687	-0.99023	0.4736
-13.413	2.3938	-1.2202	3.1024	-1.9784
-19.953	-0.87579	5.0675	2.109	0.07462
-18.707	0.71502	-2.7893	-3.0455	1.5738
-19.939	1.6283	0.17554	-2.7526	-3.9762
-16.903	0.089229	-1.1859	2.7593	1.9864
-19.226	-0.7202	2.7185	3.7014	-1.8907
-20.751	-1.9849	-4.0412	1.6744	-2.0063
-16.681	1.0525	0.70529	3.8061	-1.4522
-13.948	4.2262	4.3	-1.6824	0.74087
-24.14	-3.3708	1.0529	-0.9403	-2.6001
-12.436	4.1267	5.0297	1.7644	0.29988
-20.563	0.16155	-2.6599	-4.4761	1.6979
-24.402	0.33368	0.80204	-1.3549	0.96916
-17.727	4.742	4.6161	-3.5053	-0.70757
-16.434	4.5883	-0.90923	-1.0032	-6.11
-16.285	4.009	-2.0545	1.3486	-3.9142
-20.318	0.93449	2.6302	-2.4227	6.0189
-11.662	5.4357	2.1397	0.85697	2.0038
-15.503	0.84274	1.2619	5.9087	1.3877
-19.613	2.5083	0.69155	1.2134	-5.4556
-18.293	0.85476	-2.6597	2.3433	0.055718
-21.171	1.1008	-1.4549	1.4478	-4.8076
-20.157	4.3656	4.0567	-5.2456	-0.013761
-19.664	1.0372	-5.9029	-0.61149	0.25514
-17.073	5.912	1.7228	-1.2857	-6.953
-18.718	2.3707	-3.6344	-1.6132	-4.2838
-21.42	0.85328	6.2217	-3.119	4.6678
-14.061	3.5379	1.9927	1.2795	3.0899
-17.456	3.2058	0.27134	0.30346	-3.616
-15.214	3.052	3.2958	2.3604	-1.825
-21.778	0.54318	-2.0637	-3.1487	-0.39001
-22.356	-1.3335	2.2968	0.57205	0.57207
-13.961	3.6146	3.4778	2.4742	0.48758
-13.982	5.5272	0.33464	-1.9579	-0.19358
-23.49	-2.0282	3.7624	2.4373	1.2697
-19.734	1.484	4.6314	1.6392	-0.39057
-20.524	-0.49359	-1.8144	2.0027	-1.6909
-26.823	-2.4098	-2.5453	-0.89227	-1.2423
-15.491	5.3224	3.4962	-1.454	0.4692
-20.773	0.3642	-1.1556	-0.37935	1.297
-12.144	5.4134	1.4633	-0.33862	0.90749
-21.187	0.80724	-1.7765	0.81343	-0.04422
-16.246	4.7424	3.689	-2.1847	1.3116
-22.349	0.93525	1.1789	-1.3379	-6.7823
-23.346	-0.80466	-1.0485	0.44935	-2.5018
-20.832	0.82592	2.9036	1.9814	-0.90941
-20.407	3.1417	5.0117	-3.9707	3.0767
-24.569	-1.7876	-2.4408	0.10592	-0.3899
-25.958	-1.459	-0.47683	-0.37529	-2.5883
-26.51	-1.315	1.338	-0.59946	-2.5932
-24.596	1.947	1.688	-2.2051	-1.6447
-21.178	-0.15739	3.8435	4.5829	-0.25717
-19.595	1.8843	3.0368	3.7888	-3.7705
-20.137	1.3577	4.0054	4.21	-1.2256
-25.153	-2.0238	4.3953	2.2194	3.3589
-15.522	5.6367	4.8567	-1.8646	-1.4079
-21.677	-1.6973	5.3804	0.82585	0.073864
-14.369	4.9143	5.7857	1.5096	-1.2159
-23.672	0.26419	0.98067	-0.32983	0.18903
-17.285	5.5356	2.0698	-1.8771	-6.3967
-20.318	0.93449	2.6302	-2.4227	6.0189
-15.477	2.171	1.6528	2.7039	2.2473
-18.803	5.4227	2.6224	-4.652	-3.937
-24.035	-0.98061	-0.99141	-2.2805	3.4246
-21.146	0.48905	2.7516	2.0603	1.6864
-18.745	4.1707	1.7357	-0.82915	-5.5252
-18.013	3.1794	5.8159	-1.285	1.2465
-12.425	5.4187	-0.016417	0.54137	2.7999
-16.559	1.1718	4.3207	5.596	0.30993
-12.425	5.4187	-0.016417	0.54137	2.7999
-15.536	3.5628	-6.0731	0.98354	-2.9146
-14.843	4.7264	6.5395	1.6568	0.57142
-17.852	2.9632	-0.78962	1.873	-5.7903
-25.855	-0.059632	-0.35146	-2.6125	-0.48892
-27.129	-3.0462	1.4636	-2.2607	-3.6128
-20.048	-0.13242	-1.9748	2.4762	-2.6279
-14.835	5.5465	4.3876	-0.10517	-3.6148
-18.413	3.3538	-1.4415	-1.2916	-0.41086
-16.043	3.9476	2.085	3.9219	-5.2436
-26.763	-3.1529	2.5488	-0.71264	-1.6585
-15.373	5.7061	1.0796	-1.0535	-4.7901
-19.437	0.13448	4.2722	3.9656	-2.6235
-14.159	3.784	1.7875	0.81569	2.4402
-16.224	2.5821	2.7441	0.9323	0.10635
-15.338	6.1737	-1.6076	-3.2378	-2.8469
-12.019	5.7296	5.9585	4.2762	-2.5355
-16.461	5.3645	5.0361	-1.5115	-0.15341
-15.222	4.4355	-0.03155	-0.51466	-0.29351
-16.257	3.2975	4.0741	0.47871	0.7581
-16.254	4.1685	-0.18345	-0.76682	-2.2915
-15.292	4.9002	3.0129	0.0155	-1.2964
-14.907	3.9935	5.6539	4.8888	-1.3562
-20.419	2.0977	-0.48528	-1.3131	-1.6787
-21.692	-0.75807	-5.0568	-0.19485	-0.45411
-23.689	0.21606	1.7736	-5.7061	1.2691
-27.112	-3.3722	-2.4365	-1.8429	-1.6895
-17.656	3.772	-3.6987	-5.447	-0.9002
-25.946	-2.3949	-2.1758	-1.0435	-1.4836
-23.099	-0.34094	-3.1587	1.2384	-2.124
-19.358	1.8741	2.9632	2.6501	-4.2256
-15.299	5.1823	3.1012	-0.95809	1.7575
-20.808	0.88369	4.2389	3.4792	-0.4809
-16.59	2.8103	3.8436	3.1727	0.73822
-19.802	2.8395	2.8003	-3.2789	2.6059
-23.349	2.1827	3.6597	-5.4125	2.3845
-27.466	-1.4274	0.098549	-0.49277	-0.63704
-17.573	3.9358	7.1713	-1.9882	4.0619
-17.896	6.6108	1.6275	-2.9832	-5.0758
-22.427	-0.28453	-2.1426	2.2566	-0.14415
-19.271	2.153	-3.2013	1.5542	-1.1405
-20.266	3.0718	2.3437	0.28239	-3.3577
-19.069	2.0472	5.0432	3.4827	0.51992
-18.061	2.3265	0.56335	1.4875	0.017479
-19.846	2.7138	-3.2308	-1.7866	-0.8781
-21.973	0.0087816	1.6701	3.7423	0.074478
-23.486	2.978	2.3902	-7.2347	-1.0787
-17.274	3.9941	1.1677	-2.6238	3.9324
-22.462	1.2731	-2.0672	-3.6089	0.62783
-21.57	0.93688	-2.3467	2.5012	-3.7638
-20.589	0.25786	-2.8423	3.4652	-0.4781
-16.684	3.9985	0.41221	-1.7657	4.6216
-17.837	4.7451	-0.32269	-2.4718	-3.2284
-16.748	1.7484	1.9212	5.5653	-1.0102
-24.2	-0.4501	-1.9008	0.65617	-0.91093
-23.817	-0.062576	-3.2325	1.5418	-1.0944
-14.419	2.9692	4.6471	2.5922	0.55757
-18.904	3.0993	2.9957	-2.5147	2.4508
-21.683	0.042827	0.97772	3.9078	0.23476
-19.843	1.9488	-0.31533	-0.73241	2.2626
-20.286	-0.12698	0.2232	3.6204	0.33817
-26.17	-0.70923	-0.62883	0.31997	-1.0592
-17.07	2.3742	-3.2456	1.5476	1.2421
-14.225	6.4204	4.8181	-0.99464	-2.5363
-15.717	4.1035	0.53624	-1.7554	4.0571
-14.743	6.0403	-1.5934	-1.8651	-2.6998
-23.089	2.5573	-2.1396	-6.9952	2.8367
-16.893	6.6327	2.003	-3.1016	-5.7553
-27.29	-2.4344	-0.8546	-1.0915	-3.1519
-19.071	3.7381	1.1934	-3.3056	0.16635
-27.26	-1.5075	0.9555	-0.53936	-3.4607
-22.149	1.007	-2.0369	-2.6903	-0.3044
